170111,1111
170112,1112
170113,1113
170114,1114
170115,1115
170116,1116
170117,1117
170118,1118
170119,1119
170120,1120
170121,1121
170122,1122
170123,1123
170124,1124
170125,1125
170126,1126
170127,1127
170128,1128
170129,1129
170130,1130
170131,1131
170132,1132
170133,1133
170134,1134
170135,1135
170136,1136
170137,1137
170138,1138
170139,1139
170140,1140
170141,1141
170142,1142
170143,1143
170144,1144
170145,1145
170146,1146
170147,1147
170148,1148
170149,1149
170150,1150
170151,1151
170152,1152
170153,1153
170154,1154
170155,1155
170156,1156
170157,1157
170158,1158
170159,1159
170160,1160
170161,1161
170162,1162
170163,1163
170164,1164
170165,1165
170166,1166
170167,1167
170168,1168
170169,1169
170170,1170
170171,1171
170172,1172
170173,1173
170174,1174
170175,1175
170176,1176
170177,1177
170178,1178
170179,1179
170180,1180
170181,1181
170182,1182
170183,1183
170184,1184
170185,1185
170186,1186
170187,1187
170188,1188
170189,1189
170190,1190
170191,1191
170192,1192
170193,1193
170194,1194
170195,1195
170196,1196
170197,1197
170198,1198
170199,1199
170200,1200
170201,1201
170202,1202
170203,1203
170204,1204
170205,1205
170206,1206
170207,1207
170208,1208
170209,1209
170210,1210
